chair 65 333 154 363
chair 537 339 640 427
chair 457 336 549 423
diningtable 3 352 217 423
diningtable 446 301 623 367
person 216 174 342 425
person 353 147 475 427
pizza 290 289 394 341
diningtable 0 309 133 331
boat 440 147 540 258
tie 253 237 289 258
knife 106 358 123 372
knife 120 376 133 398
chair 81 310 147 343
chair 0 319 32 367
chair 0 300 42 315
chair 91 384 219 427
chair 161 264 175 324
chair 460 306 484 324
chair 195 272 212 333
chair 170 264 198 329
pottedplant 35 188 83 247
diningtable 169 268 211 285
chair 304 347 354 395
chair 60 299 116 313
chair 0 257 202 426
