person 197 145 315 421
person 465 159 560 421
person 447 165 485 280
person 562 59 640 422
person 75 178 141 377
person 132 185 179 345
person 31 201 80 371
cell_phone 393 227 403 237
cell_phone 300 233 318 244
bowl 376 269 406 285
handbag 191 188 249 405
person 1 191 50 395
person 177 193 211 316
person 477 195 488 209
person 479 191 500 220
cup 282 229 295 255
book 360 217 386 239
person 329 157 423 270
handbag 171 243 185 272
cup 392 258 414 272
diningtable 309 286 529 427
person 391 178 421 222
spoon 336 262 343 272
cup 335 272 352 285
spoon 412 252 420 261
