sports_ball 0 137 20 162
chair 265 267 279 355
chair 153 89 204 137
tennis_racket 7 197 85 260
person 83 185 295 511
person 221 204 273 305
person 138 104 201 220
person 100 107 147 206
person 311 99 365 211
person 347 92 426 215
person 245 50 303 175
person 50 49 104 128
person 45 94 101 190
person 102 49 145 122
person 197 2 251 89
chair 301 87 353 136
chair 353 87 403 128
chair 402 88 427 138
person 0 97 37 190
chair 203 89 251 141
person 293 1 344 89
chair 372 179 407 209
chair 303 142 334 200
chair 159 34 197 75
person 0 0 426 179
