person 392 93 530 472
person 299 110 365 250
person 25 115 93 274
person 156 110 225 244
person 539 156 586 267
backpack 409 155 482 284
person 103 110 164 244
umbrella 139 81 278 162
umbrella 338 0 616 186
umbrella 0 100 42 123
umbrella 284 94 411 184
umbrella 606 108 640 156
umbrella 578 127 614 146
umbrella 519 121 601 159
umbrella 606 154 640 191
umbrella 1 105 102 165
handbag 97 169 120 204
person 586 151 623 256
person 250 126 305 241
person 358 181 394 251
umbrella 207 141 258 158
umbrella 301 67 351 104
handbag 236 192 245 213
handbag 102 141 148 229
umbrella 233 105 304 135
person 621 195 639 255
umbrella 83 95 168 150
handbag 410 199 474 286
umbrella 593 109 629 133
