diningtable 97 315 503 377
book 50 240 58 293
bottle 456 218 505 318
wine_glass 537 95 565 165
wine_glass 579 91 606 161
wine_glass 554 102 574 146
wine_glass 627 124 640 157
wine_glass 390 264 425 312
wine_glass 263 264 287 305
book 68 239 75 291
clock 98 171 120 201
vase 291 309 328 350
cup 531 410 558 442
book 70 127 79 180
book 61 125 69 180
book 57 240 67 291
book 73 239 82 288
book 78 128 86 180
book 52 126 67 181
book 81 238 92 290
vase 327 311 354 346
vase 488 202 499 274
vase 365 280 399 290
vase 126 273 159 283
cup 559 412 586 448
cup 509 411 532 440
cup 616 415 640 445
cup 482 406 506 440
cup 545 388 554 393
cup 550 398 573 406
cup 536 404 543 408
cup 536 404 562 414
cup 329 309 356 346
bowl 137 363 189 385
bowl 185 354 232 372
cup 585 413 616 448
cup 591 406 619 415
cup 604 388 625 399
cup 564 406 592 416
cup 575 401 596 407
