bus 99 333 137 345
traffic_light 150 278 165 309
traffic_light 185 176 225 245
traffic_light 428 275 442 301
person 166 307 301 594
traffic_light 122 312 129 329
traffic_light 172 288 185 312
backpack 195 362 279 417
person 460 317 528 519
person 516 315 560 454
person 286 327 355 529
person 352 315 418 529
person 388 316 427 407
person 604 320 640 570
person 464 329 484 357
person 543 330 598 513
person 271 341 288 380
person 438 330 469 417
bus 4 321 34 350
traffic_light 226 156 303 271
person 284 336 308 391
car 572 324 602 367
person 583 321 622 449
person 112 322 447 416
