motorbike 367 311 452 377
boat 208 273 268 286
boat 226 280 287 299
person 372 268 379 284
person 380 266 385 280
person 384 266 389 282
person 462 268 465 279
truck 150 289 277 363
person 378 268 382 282
person 428 272 435 280
boat 281 276 327 291
boat 333 209 374 283
boat 572 265 587 270
boat 298 263 351 288
bench 116 335 221 387
umbrella 468 267 480 273
kite 311 184 326 189
kite 308 167 312 171
kite 295 144 297 146
kite 358 229 366 234
kite 334 202 339 207
kite 386 253 393 256
kite 346 214 350 217
person 459 268 462 279
person 500 273 506 279
person 494 273 499 280
person 419 268 424 279
person 472 271 476 275
boat 165 164 200 294
person 391 271 395 278
person 414 268 420 279
boat 602 264 636 274
umbrella 618 266 621 268
chair 605 274 626 289
person 462 267 592 296
