chair 450 59 549 147
chair 1 214 79 392
chair 539 236 623 445
spoon 374 281 445 338
bowl 345 299 410 369
bowl 221 298 345 386
bowl 161 363 334 474
apple 212 233 248 274
orange 214 217 251 237
orange 237 253 270 287
orange 250 219 292 238
carrot 201 308 216 320
carrot 176 305 236 332
person 549 0 640 70
bowl 450 202 564 273
bowl 153 280 248 362
bowl 257 235 360 321
bowl 355 254 435 332
bowl 448 183 536 202
apple 78 257 167 296
sandwich 341 369 404 404
sandwich 383 395 438 455
sandwich 432 383 501 460
sandwich 389 373 434 397
diningtable 56 76 566 480
chair 23 286 64 365
person 527 44 638 474
chair 217 16 323 69
chair 54 0 122 114
chair 2 97 52 172
cup 342 300 412 372
sandwich 328 391 354 442
sandwich 389 219 436 259
sandwich 434 373 479 397
sandwich 343 394 363 450
sandwich 354 400 434 460
orange 215 233 247 267
