tennis_racket 90 8 236 143
person 71 97 105 170
person 82 120 108 171
person 33 183 83 250
person 111 192 159 244
person 298 239 346 318
person 241 215 285 274
person 232 193 272 257
person 215 162 261 231
person 211 140 252 197
person 246 317 298 376
person 262 244 304 329
chair 309 310 353 342
chair 135 309 173 335
chair 89 309 135 334
chair 141 340 184 371
chair 111 342 139 367
chair 80 222 108 251
chair 73 196 100 218
chair 324 341 354 372
chair 54 328 68 335
chair 0 249 31 271
chair 75 250 104 271
chair 98 342 113 367
person 81 250 131 300
chair 125 279 166 327
person 211 112 488 594
chair 96 71 439 367
person 0 0 631 380
