car 446 113 576 150
car 620 116 640 121
truck 574 119 639 153
truck 546 100 621 121
baseball_bat 381 167 472 211
person 148 136 360 349
person 293 85 430 387
person 167 104 188 146
person 100 125 136 201
person 26 105 73 157
person 175 121 215 196
person 252 128 275 172
bench 35 163 166 197
bench 175 162 242 189
person 148 123 180 201
person 70 107 106 172
person 67 129 96 204
person 244 128 262 177
car 410 130 460 158
car 404 129 431 139
chair 157 203 335 412
person 207 102 221 133
bench 133 149 150 152
person 194 104 216 145
bus 543 78 640 152
person 27 98 252 212
