bottle 401 251 421 293
bottle 262 260 299 376
bottle 252 248 270 301
chair 352 415 537 480
diningtable 81 229 561 472
person 452 176 502 251
person 299 115 423 251
person 204 181 297 285
umbrella 294 47 543 157
umbrella 134 148 344 265
umbrella 502 101 640 193
chair 287 140 326 167
cup 396 230 415 250
cup 309 331 333 376
fork 194 391 213 440
fork 482 299 490 328
fork 384 350 457 373
knife 233 385 238 427
knife 472 294 483 331
knife 193 314 237 336
spoon 323 240 351 262
spoon 339 285 365 303
spoon 482 300 490 328
spoon 240 286 248 313
bowl 284 317 332 355
bowl 357 288 440 333
bowl 262 276 355 322
bowl 380 248 436 289
cup 277 345 305 392
cup 198 313 222 355
cup 313 261 331 277
cup 424 268 438 299
knife 343 239 374 248
chair 496 225 507 252
person 487 258 640 463
knife 230 379 245 426
bottle 445 264 472 331
cup 380 232 395 252
bowl 330 246 372 279
person 0 44 185 480
