diningtable 132 146 526 423
person 0 196 129 421
person 110 167 231 406
person 200 106 286 208
person 400 139 510 330
person 484 177 623 269
person 295 245 640 422
person 365 118 440 235
person 113 115 207 211
cup 338 303 370 351
cup 322 282 349 312
fork 173 355 195 384
diningtable 555 172 640 208
diningtable 254 136 310 149
person 0 129 31 210
person 427 116 516 191
person 364 120 400 163
cup 376 386 416 428
cup 201 347 221 398
cup 257 274 285 298
cup 285 223 297 243
cup 326 216 346 235
cup 246 242 271 285
cup 299 258 327 291
cup 336 207 355 231
chair 294 125 318 170
chair 558 147 589 184
chair 493 137 516 184
chair 341 132 360 159
chair 533 150 559 186
chair 19 146 37 205
chair 262 128 293 195
cup 295 233 316 256
cup 271 203 286 218
spoon 151 410 221 421
umbrella 30 106 41 173
cup 333 195 348 209
fork 226 247 243 260
fork 365 216 380 225
knife 135 404 219 424
fork 372 285 394 301
cup 251 176 360 298
