bus 213 112 401 315
bus 102 152 216 297
bus 397 187 443 266
bus 463 202 510 262
backpack 501 235 549 290
backpack 583 243 597 269
handbag 73 254 80 259
person 490 207 563 403
person 594 227 624 308
person 562 230 598 311
person 238 225 259 246
person 56 243 69 282
person 41 246 52 281
handbag 48 251 55 264
person 624 234 636 283
person 32 244 41 278
person 68 243 78 268
person 561 231 573 296
person 47 243 56 256
person 25 242 33 262
handbag 631 248 637 260
person 95 244 103 275
handbag 60 252 68 261
handbag 93 260 100 270
person 566 277 589 309
