bird 328 297 346 308
bird 379 294 410 308
bird 406 299 433 315
bird 504 291 530 304
bird 349 294 378 305
bird 235 296 252 301
cow 489 221 571 275
cow 417 220 464 274
cow 428 189 500 230
cow 327 219 389 278
cow 310 212 338 275
cow 280 218 315 277
cow 244 214 281 279
cow 135 214 225 267
cow 145 201 213 231
cow 121 197 162 231
cow 25 205 95 245
cow 222 204 281 242
cow 260 194 307 221
cow 358 220 413 278
cow 111 195 156 221
bird 328 292 348 302
cow 237 184 288 206
bird 318 301 328 307
bird 457 292 486 303
cow 14 126 629 230
