person 145 96 282 267
person 312 82 461 279
person 448 89 640 365
laptop 266 230 492 480
laptop 329 220 500 331
laptop 86 211 215 281
laptop 1 173 263 473
mouse 460 355 542 383
keyboard 458 362 588 472
person 564 48 614 124
person 2 95 105 193
person 523 410 640 475
person 367 59 403 88
person 277 61 366 199
cup 33 256 77 320
laptop 444 106 481 159
keyboard 318 362 429 462
keyboard 403 283 471 321
keyboard 1 279 31 307
cup 251 417 315 480
cup 252 380 328 476
cup 356 282 405 363
keyboard 190 254 210 268
person 458 69 536 222
