tvmonitor 263 173 362 233
chair 293 307 407 386
sofa 463 251 588 341
diningtable 212 275 505 409
person 492 184 527 257
chair 520 257 588 351
chair 145 232 191 271
chair 71 341 166 427
chair 444 300 543 361
chair 613 302 640 349
apple 83 262 114 273
vase 458 391 516 427
vase 595 391 640 427
bowl 75 268 123 280
book 379 132 398 138
vase 165 293 198 401
vase 198 278 228 403
book 202 222 210 243
vase 433 230 453 280
vase 193 221 202 242
vase 193 183 202 200
vase 186 159 202 175
chair 453 235 526 269
chair 472 212 494 226
sofa 178 264 250 283
sofa 405 266 483 280
