broccoli 237 293 411 446
broccoli 254 94 358 194
broccoli 85 154 202 263
broccoli 186 246 252 310
broccoli 263 220 320 276
broccoli 360 123 511 374
bowl 20 0 624 474
broccoli 380 99 432 133
carrot 308 285 434 360
carrot 92 260 208 333
carrot 282 186 408 299
carrot 221 137 290 239
carrot 201 253 280 334
carrot 110 253 339 445
carrot 465 246 534 338
carrot 250 39 424 134
carrot 378 81 528 273
diningtable 0 0 638 480
carrot 162 84 207 167
carrot 154 32 247 88
carrot 195 88 238 217
carrot 213 56 252 145
carrot 74 84 266 306
