person 304 267 365 355
person 352 135 371 188
person 530 179 572 242
person 460 103 482 134
person 381 146 399 190
person 111 257 167 339
person 447 78 461 92
person 19 150 37 189
person 383 162 412 229
sports_ball 292 226 297 231
chair 325 164 341 187
chair 33 226 61 259
chair 52 221 66 234
chair 73 179 86 204
person 423 73 436 92
person 77 165 101 204
person 312 69 331 91
person 495 59 508 73
chair 68 179 75 183
chair 130 75 142 81
tennis_racket 304 290 320 306
tennis_racket 564 190 570 196
tennis_racket 395 183 406 191
person 1 0 639 261
