chair 4 236 332 472
chair 454 132 497 203
chair 479 133 574 271
chair 610 146 640 235
chair 109 147 172 216
chair 434 125 459 187
chair 0 163 43 241
chair 146 268 235 357
sofa 499 327 640 472
sofa 161 171 424 291
diningtable 454 141 512 153
person 303 85 315 109
person 314 76 345 130
person 408 80 432 150
person 607 84 640 140
vase 330 205 380 229
vase 221 93 245 145
vase 375 96 405 162
person 283 75 308 154
tie 615 104 627 130
chair 288 129 363 172
chair 631 181 640 193
person 420 83 443 153
person 337 85 347 95
person 252 80 274 169
person 391 90 409 153
person 239 86 269 167
chair 508 125 531 145
