person 153 94 201 181
person 463 265 499 328
person 290 63 342 185
person 161 129 250 254
person 130 139 165 179
person 415 111 449 145
person 452 119 500 245
person 188 94 217 153
person 110 91 150 142
person 80 94 118 189
baseball_bat 130 170 166 192
sports_ball 253 215 262 224
baseball_glove 468 180 488 194
baseball_glove 91 137 104 155
baseball_bat 339 290 408 307
chair 2 98 28 137
person 39 86 72 141
person 0 86 21 136
person 245 107 279 157
chair 111 101 143 146
chair 192 104 222 148
chair 330 115 343 148
chair 469 109 492 126
chair 37 101 78 141
person 60 0 499 331
