bicycle 70 269 119 296
bicycle 497 129 530 155
bicycle 265 231 285 251
car 9 163 91 220
truck 0 51 80 130
traffic_light 419 99 432 128
traffic_light 212 200 227 237
traffic_light 218 263 227 280
person 170 277 200 323
person 552 285 573 337
person 540 315 562 349
person 468 281 484 315
person 280 216 302 239
person 488 178 508 215
person 60 200 80 230
person 109 116 128 145
person 452 290 468 310
person 504 302 520 327
bicycle 561 314 574 345
bicycle 328 222 344 252
bicycle 225 235 271 266
bicycle 188 204 204 221
motorbike 285 234 301 267
motorbike 92 250 140 279
motorbike 146 261 181 286
motorbike 579 201 620 238
motorbike 476 188 517 222
motorbike 228 190 262 216
motorbike 125 234 153 265
person 488 78 500 103
person 588 191 611 228
bicycle 589 179 624 206
motorbike 348 179 385 207
motorbike 45 216 95 247
motorbike 394 182 442 212
motorbike 546 346 564 370
person 520 290 542 332
car 379 308 544 426
motorbike 236 250 263 283
bus 303 275 432 367
truck 151 45 262 98
person 25 23 625 368
motorbike 510 141 606 179
