umbrella 38 15 385 166
person 81 160 295 558
person 38 190 43 210
person 80 188 90 207
person 336 289 376 393
person 2 187 9 199
person 10 197 15 202
umbrella 507 178 520 201
umbrella 457 180 487 195
umbrella 465 197 493 206
umbrella 363 187 380 196
umbrella 331 191 348 198
umbrella 324 178 342 183
umbrella 444 194 459 199
umbrella 488 197 506 203
umbrella 513 195 531 203
umbrella 59 187 81 193
umbrella 249 191 271 198
umbrella 396 190 415 196
person 262 151 360 558
person 129 193 136 220
umbrella 311 183 639 206
