umbrella 433 241 547 312
umbrella 394 168 483 220
umbrella 201 183 268 236
umbrella 108 210 177 257
umbrella 251 153 318 203
umbrella 257 66 327 115
umbrella 214 70 278 108
umbrella 211 133 251 195
umbrella 52 141 115 179
umbrella 167 44 219 79
handbag 523 311 574 351
handbag 81 233 103 265
handbag 135 262 165 293
handbag 436 218 467 255
handbag 575 99 606 135
handbag 10 158 28 191
person 223 225 283 319
person 143 113 204 212
person 176 75 241 143
person 283 101 349 194
person 258 0 301 58
person 158 22 196 59
person 494 12 554 123
person 111 104 149 172
handbag 24 14 36 29
handbag 128 106 151 125
handbag 112 82 142 108
handbag 497 53 513 74
suitcase 408 258 438 296
person 269 196 344 281
person 419 216 463 314
person 340 42 409 146
umbrella 86 16 129 53
person 134 246 208 337
person 215 155 278 238
umbrella 24 89 65 124
handbag 473 88 497 113
umbrella 46 1 639 221
person 0 0 639 360
